Logging to file:  ./results/log-ego.log
EGO_start
We randomly sample 500 samples with 100 dimensions
The target softmax value is [[0.08505132 0.09483315 0.18840345 0.05060928 0.35500459 0.06814252
  0.01918998 0.01612235 0.10687132 0.01577204]]
The process time is 15323.286524057388


Optimized input X is [0.07666773 0.86004198 0.88890849 0.94568594 0.65433789 0.84197907
 0.26853831 0.77271449 0.19971365 0.20056476 0.79168223 0.27764355
 0.59901957 0.26584946 0.03136387 0.79965243 0.65381969 0.37308704
 0.45063675 0.68595518 0.19520871 0.13774692 0.75383997 0.65507022
 0.74239751 0.33277076 0.20852294 0.51907557 0.36367085 0.84278438
 0.46736821 0.15062786 0.885536   0.79763526 0.51765711 0.67368138
 0.56260927 0.54629962 0.11666597 0.503243   0.11276016 0.29511416
 0.73013888 0.40258391 0.77586716 0.15912671 0.04312572 0.51153612
 0.92888386 0.89825378 0.67866364 0.71950358 0.09768901 0.34670896
 0.15012355 0.21086049 0.82672397 0.84505584 0.91596895 0.8152399
 0.43260012 0.46395104 0.01300781 0.29338601 0.65874492 0.61139193
 0.40115903 0.52763281 0.30692557 0.09269064 0.55328407 0.41353472
 0.01434626 0.31305309 0.61559123 0.21075365 0.95421584 0.32921056
 0.98896564 0.72804488 0.0550802  0.02155081 0.9433553  0.20802877
 0.41679735 0.97463226 0.61044971 0.93482364 0.6208388  0.25182738
 0.62733361 0.96241375 0.46974272 0.46309554 0.9249625  0.2142348
 0.0894825  0.03657281 0.45436794 0.3562697 ]


Optimized output y is [0.009154]


The shape of input data is (600, 100)


The length of input data is 600


The input data refer to [[0.51171978 0.30986448 0.53479819 ... 0.44730858 0.10089059 0.38041109]
 [0.01645428 0.77402054 0.75802331 ... 0.99931058 0.24613806 0.32025389]
 [0.64898789 0.67448573 0.39834249 ... 0.33627553 0.52001835 0.29249972]
 ...
 [0.82504675 0.72414321 0.85522837 ... 0.14533964 0.85800049 0.99038964]
 [0.39125046 0.68471668 0.01115489 ... 0.54801688 0.04863112 0.86793764]
 [0.75454148 0.74624604 0.77957679 ... 0.79744639 0.33516631 0.78066168]]


The output data refer to [[0.00950162]
 [0.009531  ]
 [0.00946222]
 [0.00955916]
 [0.00959972]
 [0.00946986]
 [0.00955471]
 [0.00956925]
 [0.00951384]
 [0.00946302]
 [0.00959415]
 [0.00955733]
 [0.00951019]
 [0.00939933]
 [0.00947495]
 [0.00950014]
 [0.00948594]
 [0.00956616]
 [0.00957457]
 [0.00947691]
 [0.00951473]
 [0.00956684]
 [0.00944055]
 [0.00960145]
 [0.0095142 ]
 [0.0095677 ]
 [0.00954914]
 [0.00956127]
 [0.00956731]
 [0.00937133]
 [0.00947798]
 [0.0094756 ]
 [0.00948891]
 [0.00946032]
 [0.00947395]
 [0.00951163]
 [0.00941558]
 [0.00958836]
 [0.00962421]
 [0.00951047]
 [0.00956833]
 [0.0095395 ]
 [0.00952154]
 [0.00951546]
 [0.00950778]
 [0.00957674]
 [0.00940816]
 [0.00949782]
 [0.0094423 ]
 [0.00958902]
 [0.00958557]
 [0.00952275]
 [0.00956226]
 [0.00953753]
 [0.00944061]
 [0.00943908]
 [0.00948257]
 [0.00946288]
 [0.00948733]
 [0.00946247]
 [0.00941408]
 [0.00949323]
 [0.0094715 ]
 [0.00952466]
 [0.00950832]
 [0.00949467]
 [0.00949313]
 [0.00945332]
 [0.00957351]
 [0.00952768]
 [0.00937425]
 [0.0095781 ]
 [0.00955441]
 [0.00962508]
 [0.00954085]
 [0.00949519]
 [0.00949484]
 [0.0095417 ]
 [0.00955718]
 [0.00952984]
 [0.00961059]
 [0.0094796 ]
 [0.00943526]
 [0.00941145]
 [0.00956022]
 [0.00954503]
 [0.00947084]
 [0.00953765]
 [0.00952356]
 [0.00948133]
 [0.00947889]
 [0.00952287]
 [0.0094571 ]
 [0.00949445]
 [0.00956236]
 [0.00944656]
 [0.00942345]
 [0.00954035]
 [0.00952434]
 [0.00956529]
 [0.00939172]
 [0.00949558]
 [0.00945896]
 [0.00953657]
 [0.00946673]
 [0.00953458]
 [0.00969238]
 [0.00956579]
 [0.00956243]
 [0.00962658]
 [0.00956144]
 [0.00961018]
 [0.00943949]
 [0.00948198]
 [0.00951784]
 [0.00956178]
 [0.00942976]
 [0.00961756]
 [0.0095437 ]
 [0.00956922]
 [0.00953146]
 [0.00951427]
 [0.00946142]
 [0.00955851]
 [0.00955927]
 [0.00949889]
 [0.00956038]
 [0.00951531]
 [0.00948666]
 [0.00954824]
 [0.00947606]
 [0.00952936]
 [0.00947204]
 [0.00953438]
 [0.00947485]
 [0.00949487]
 [0.00955877]
 [0.00940161]
 [0.00942097]
 [0.00950793]
 [0.00963389]
 [0.00951577]
 [0.00954146]
 [0.00955264]
 [0.00956346]
 [0.00945001]
 [0.0096128 ]
 [0.00958901]
 [0.00945154]
 [0.00947491]
 [0.00952839]
 [0.00956311]
 [0.0094982 ]
 [0.00947105]
 [0.00950044]
 [0.00946299]
 [0.00958856]
 [0.00944643]
 [0.00961876]
 [0.00952546]
 [0.00951731]
 [0.00949992]
 [0.00946985]
 [0.0094054 ]
 [0.00955473]
 [0.00943818]
 [0.00944788]
 [0.00952723]
 [0.009428  ]
 [0.00948644]
 [0.00948693]
 [0.00948615]
 [0.00953035]
 [0.00958974]
 [0.00947511]
 [0.00960106]
 [0.00956799]
 [0.00940456]
 [0.00952656]
 [0.00950906]
 [0.00958173]
 [0.0095362 ]
 [0.00951416]
 [0.00948461]
 [0.00950401]
 [0.00953257]
 [0.00944855]
 [0.00956453]
 [0.0094985 ]
 [0.00956641]
 [0.00951715]
 [0.00947294]
 [0.00941058]
 [0.00956928]
 [0.00953793]
 [0.00953245]
 [0.00953456]
 [0.00948765]
 [0.00952025]
 [0.00942811]
 [0.00956887]
 [0.00960428]
 [0.00944899]
 [0.0095057 ]
 [0.00950206]
 [0.00961537]
 [0.00949176]
 [0.0094607 ]
 [0.00952479]
 [0.00945253]
 [0.00951366]
 [0.0095522 ]
 [0.00950355]
 [0.00948386]
 [0.00949086]
 [0.00956556]
 [0.00949787]
 [0.00952286]
 [0.00956537]
 [0.0095059 ]
 [0.00947854]
 [0.0094528 ]
 [0.00955068]
 [0.00948389]
 [0.00940452]
 [0.00946034]
 [0.00947523]
 [0.00963788]
 [0.00948109]
 [0.00957568]
 [0.00955011]
 [0.00959418]
 [0.0095112 ]
 [0.00942196]
 [0.00941626]
 [0.00951776]
 [0.00937763]
 [0.00957411]
 [0.00947831]
 [0.00948571]
 [0.00955275]
 [0.00954857]
 [0.00961913]
 [0.00953469]
 [0.00946831]
 [0.00952971]
 [0.00953293]
 [0.00960241]
 [0.00952605]
 [0.00959413]
 [0.00943654]
 [0.00953954]
 [0.0094959 ]
 [0.00953857]
 [0.00953614]
 [0.0096102 ]
 [0.0095915 ]
 [0.0095422 ]
 [0.00947216]
 [0.00948576]
 [0.00948157]
 [0.00954316]
 [0.00959072]
 [0.00949346]
 [0.00949945]
 [0.00942564]
 [0.00941949]
 [0.00956596]
 [0.00951504]
 [0.00944834]
 [0.00949725]
 [0.00958347]
 [0.00965631]
 [0.00945738]
 [0.00953706]
 [0.00950076]
 [0.00946573]
 [0.00952327]
 [0.00946421]
 [0.00954117]
 [0.00939917]
 [0.00955823]
 [0.00960777]
 [0.00956216]
 [0.0095985 ]
 [0.0095728 ]
 [0.00950424]
 [0.00952198]
 [0.00952701]
 [0.00952446]
 [0.00947995]
 [0.00951628]
 [0.00950071]
 [0.00947765]
 [0.00961092]
 [0.00953769]
 [0.009502  ]
 [0.00950202]
 [0.00952611]
 [0.00960805]
 [0.0093955 ]
 [0.0095649 ]
 [0.00956466]
 [0.00951039]
 [0.00950613]
 [0.00951872]
 [0.00950861]
 [0.00943512]
 [0.009487  ]
 [0.00950702]
 [0.00965226]
 [0.00945926]
 [0.0095754 ]
 [0.00955599]
 [0.00952759]
 [0.00951695]
 [0.00948342]
 [0.00950266]
 [0.00947652]
 [0.00949631]
 [0.00947797]
 [0.0094728 ]
 [0.0095173 ]
 [0.00947793]
 [0.00953765]
 [0.00955664]
 [0.00964324]
 [0.00946821]
 [0.00941925]
 [0.00954633]
 [0.00940205]
 [0.00953331]
 [0.00950597]
 [0.00952233]
 [0.00944365]
 [0.00954023]
 [0.00951149]
 [0.00945613]
 [0.00958597]
 [0.00947572]
 [0.00949488]
 [0.00950692]
 [0.00963138]
 [0.00945553]
 [0.00945394]
 [0.00939666]
 [0.00954876]
 [0.00944896]
 [0.00955758]
 [0.00952559]
 [0.00955383]
 [0.00964014]
 [0.00956402]
 [0.00947211]
 [0.00946965]
 [0.00951381]
 [0.00950668]
 [0.00952194]
 [0.00957802]
 [0.00951976]
 [0.00967051]
 [0.00953957]
 [0.00961728]
 [0.00954247]
 [0.00953513]
 [0.00945472]
 [0.00953544]
 [0.00942331]
 [0.00938297]
 [0.00965323]
 [0.00945701]
 [0.00959928]
 [0.00954097]
 [0.00954311]
 [0.0094401 ]
 [0.00955151]
 [0.00957171]
 [0.00955364]
 [0.00948143]
 [0.00952009]
 [0.00948951]
 [0.00950071]
 [0.00959244]
 [0.00948577]
 [0.00945792]
 [0.00953905]
 [0.00947268]
 [0.00951375]
 [0.00953352]
 [0.00955334]
 [0.00940928]
 [0.00943623]
 [0.00942664]
 [0.00952762]
 [0.00943452]
 [0.00946709]
 [0.00956866]
 [0.00958874]
 [0.00936131]
 [0.00950347]
 [0.00962864]
 [0.00958771]
 [0.0095427 ]
 [0.00954823]
 [0.00959477]
 [0.00941854]
 [0.00950791]
 [0.00954244]
 [0.00951833]
 [0.00941444]
 [0.0095241 ]
 [0.00952697]
 [0.00952757]
 [0.00953302]
 [0.00939027]
 [0.00953487]
 [0.00962453]
 [0.00944215]
 [0.00952075]
 [0.00959189]
 [0.0094038 ]
 [0.00941553]
 [0.00952798]
 [0.00957468]
 [0.00951678]
 [0.00949273]
 [0.00952569]
 [0.00958033]
 [0.00961149]
 [0.00956143]
 [0.00950916]
 [0.00954392]
 [0.00959835]
 [0.00955353]
 [0.00945967]
 [0.00944736]
 [0.00960047]
 [0.00955539]
 [0.00943345]
 [0.00947864]
 [0.00954437]
 [0.00950563]
 [0.00957761]
 [0.00953475]
 [0.00945997]
 [0.00957351]
 [0.00949918]
 [0.0095737 ]
 [0.00948381]
 [0.00953873]
 [0.00950444]
 [0.00947452]
 [0.00942332]
 [0.0095624 ]
 [0.00953008]
 [0.00953122]
 [0.0094957 ]
 [0.00943834]
 [0.00952821]
 [0.00959917]
 [0.00945665]
 [0.00956644]
 [0.0094892 ]
 [0.00959491]
 [0.00945991]
 [0.00941696]
 [0.00955032]
 [0.0094942 ]
 [0.00955569]
 [0.00948443]
 [0.00938124]
 [0.00952793]
 [0.00943538]
 [0.00949749]
 [0.00948287]
 [0.00942463]
 [0.00965028]
 [0.0094852 ]
 [0.00954926]
 [0.00946476]
 [0.00955035]
 [0.00954455]
 [0.00950867]
 [0.00965317]
 [0.00944714]
 [0.00952825]
 [0.0094187 ]
 [0.00949039]
 [0.00945294]
 [0.00952149]
 [0.00946776]
 [0.00955528]
 [0.0095976 ]
 [0.00948595]
 [0.0094337 ]
 [0.00933768]
 [0.00954218]
 [0.00956644]
 [0.00951159]
 [0.00954747]
 [0.00956684]
 [0.00963037]
 [0.00987988]
 [0.00950004]
 [0.00988104]
 [0.00998893]
 [0.00958414]
 [0.01025369]
 [0.00950879]
 [0.00972996]
 [0.00962486]
 [0.01003327]
 [0.01009166]
 [0.00969549]
 [0.009154  ]
 [0.00982309]
 [0.00958932]
 [0.01006081]
 [0.01022289]
 [0.00977798]
 [0.00956036]
 [0.00934618]
 [0.00951173]
 [0.00941091]
 [0.00980418]
 [0.00927227]
 [0.00971619]
 [0.00953645]
 [0.01008826]
 [0.00980288]
 [0.00933483]
 [0.01014536]
 [0.00945337]
 [0.0100455 ]
 [0.00981901]
 [0.00976063]
 [0.0093837 ]
 [0.00948408]
 [0.00942207]
 [0.00962802]
 [0.00971747]
 [0.00968868]
 [0.0097185 ]
 [0.00977718]
 [0.01014211]
 [0.00958495]
 [0.00965039]
 [0.00933367]
 [0.00955143]
 [0.00954472]
 [0.00979423]
 [0.00971657]
 [0.00970929]
 [0.00982434]
 [0.01013172]
 [0.00953763]
 [0.00987434]
 [0.01010776]
 [0.01016479]
 [0.00945183]
 [0.00961452]
 [0.01009041]
 [0.01002396]
 [0.00985334]
 [0.00976938]
 [0.00932346]
 [0.00922614]
 [0.00955938]
 [0.0100137 ]
 [0.00969516]
 [0.00945221]
 [0.00988901]
 [0.01002832]
 [0.0097267 ]
 [0.00992727]
 [0.00997356]
 [0.00977555]
 [0.00943456]
 [0.0100845 ]
 [0.01009971]
 [0.00959354]
 [0.00983028]
 [0.0095248 ]
 [0.00956848]
 [0.00993601]
 [0.00976563]
 [0.0099622 ]
 [0.01014318]
 [0.00983552]
 [0.0095185 ]
 [0.00988785]
 [0.00984075]
 [0.00925202]
 [0.0091982 ]
 [0.00983819]
 [0.01029438]
 [0.01008202]
 [0.00998785]
 [0.00942408]
 [0.01029132]]
